% -------------------------------------------------------------------
%  Generated by MATLAB on 12-Mar-2019 10:38:35
%  MATLAB version: 9.1.0.441655 (R2016b)
% -------------------------------------------------------------------
                                    

JetColors = cell(1, 40);
JetColors{1} = [0 0 0.6];
JetColors{2} = [0 0 0.7];
JetColors{3} = [0 0 0.8];
JetColors{4} = [0 0 0.9];
JetColors{5} = [0 0 1];
JetColors{6} = [0 0.1 1];
JetColors{7} = [0 0.2 1];
JetColors{8} = [0 0.3 1];
JetColors{9} = [0 0.4 1];
JetColors{10} = [0 0.5 1];
JetColors{11} = [0 0.6 1];
JetColors{12} = [0 0.7 1];
JetColors{13} = [0 0.8 1];
JetColors{14} = [0 0.9 1];
JetColors{15} = [0 1 1];
JetColors{16} = [0.1 1 0.9];
JetColors{17} = [0.2 1 0.8];
JetColors{18} = [0.3 1 0.7];
JetColors{19} = [0.4 1 0.6];
JetColors{20} = [0.5 1 0.5];
JetColors{21} = [0.6 1 0.4];
JetColors{22} = [0.7 1 0.3];
JetColors{23} = [0.8 1 0.2];
JetColors{24} = [0.9 1 0.1];
JetColors{25} = [1 1 0];
JetColors{26} = [1 0.9 0];
JetColors{27} = [1 0.8 0];
JetColors{28} = [1 0.7 0];
JetColors{29} = [1 0.6 0];
JetColors{30} = [1 0.5 0];
JetColors{31} = [1 0.4 0];
JetColors{32} = [1 0.3 0];
JetColors{33} = [1 0.2 0];
JetColors{34} = [1 0.1 0];
JetColors{35} = [1 0 0];
JetColors{36} = [0.9 0 0];
JetColors{37} = [0.8 0 0];
JetColors{38} = [0.7 0 0];
JetColors{39} = [0.6 0 0];
JetColors{40} = [0.5 0 0];

